31,47
31,46
31,45
31,44
31,43
31,42
31,41
31,40
31,39
31,38
31,37
31,36
31,35
31,34
31,33
31,32
31,31
31,30
31,29
31,28
31,27
31,26
31,25
31,24
31,23
31,22
31,21
31,20
31,19
31,18
31,17
31,16
31,15
31,14
31,13
31,12
31,11
31,10
31,9
31,8
31,7
31,6
31,5
31,4
31,3
31,2
31,1
31,0
30,3
30,2
30,1
30,0
29,22
29,21
29,19
29,18
29,17
29,16
29,15
29,14
29,13
29,12
29,11
29,10
29,9
29,8
29,7
29,6
29,5
29,4
29,3
29,2
29,1
29,0
28,3
28,2
28,1
28,0
27,3
27,2
27,1
27,0
26,3
26,2
26,1
26,0
25,3
25,2
25,1
25,0
24,3
24,2
24,1
24,0
23,10
23,9
23,8
23,7
23,6
23,5
23,4
23,3
23,2
23,1
23,0
22,3
22,2
22,1
22,0
21,3
21,2
21,1
21,0
20,3
20,2
20,1
20,0
19,3
19,2
19,1
19,0
18,3
18,2
18,1
18,0
17,15
17,14
17,13
17,12
17,11
17,10
17,9
17,8
17,6
17,5
17,4
17,3
17,2
17,1
17,0
16,6
16,5
16,4
16,3
16,2
16,1
16,0
15,19
15,18
15,16
15,15
15,14
15,13
15,12
15,11
15,10
15,9
15,8
15,7
15,6
15,5
15,4
15,3
15,2
15,1
15,0
14,18
14,17
14,16
14,15
14,14
14,13
14,12
14,11
14,10
14,9
14,8
14,7
14,6
14,5
14,4
14,3
14,2
14,1
14,0
13,11
13,10
13,8
13,7
13,6
13,5
13,4
13,3
13,2
13,1
13,0
12,3
12,2
12,1
12,0
11,6
11,5
11,4
11,3
11,2
11,1
11,0
10,3
10,2
10,1
10,0
9,9
9,8
9,6
9,5
9,4
9,3
9,2
9,1
9,0
8,4
8,3
8,2
8,1
8,0
7,3
5,5
5,4
5,3
5,2
5,0
4,3
3,2
2,2
1,2
0,9
31,48
31,49
31,51
31,52
31,54
31,55
31,57
31,59
31,60
31,62
31,63
31,65
31,67
31,68
31,70
31,71
31,73
31,74
31,129
31,131
31,132
31,134
31,135
31,137
31,139
31,140
31,142
31,143
31,145
32,0
32,2
32,4
32,5
32,7
32,8
32,10
32,12
32,13
32,15
32,16
32,18
32,19
32,21
32,23
32,24
32,26
32,27
32,29
32,31
32,32
32,34
32,35
32,37
32,39
32,40
32,42
32,43
32,45
32,46
32,48
32,50
32,51
32,53
32,54
32,56
32,58
32,59
32,61
32,62
32,64
32,65
32,67
32,69
32,70
32,72
32,73
32,75
32,77
32,128
32,130
32,131
32,133
32,134
32,136
32,138
32,139
32,141
32,142
32,144
32,146
32,147
32,149
32,150
32,152
32,154
32,155
32,157
32,158
32,160
32,161
32,163
32,165
32,166
32,168
32,169
32,171
32,173
32,174
32,176
33,0
33,2
33,3
33,5
33,8
33,9
34,1
34,2
34,4
35,0
35,1
35,3
35,4
35,2
34,5
34,3
34,0
33,7
33,4
33,1
32,175
32,172
32,170
32,167
32,164
32,162
32,159
32,156
32,153
32,151
32,148
32,145
32,143
32,140
32,137
32,135
32,132
32,129
32,76
32,74
32,71
32,68
32,66
32,63
32,60
32,57
32,55
32,52
32,49
32,47
32,44
32,41
32,38
32,36
32,33
32,30
32,28
32,25
32,22
32,20
32,17
32,14
32,11
32,9
32,6
32,3
32,1
31,144
31,141
31,138
31,136
31,133
31,130
31,128
31,72
31,69
31,66
31,64
31,61
31,58
31,56
31,53
31,50
1,45
3,44
2,44
1,44
3,43
2,43
1,43
3,42
2,42
1,42
3,41
2,41
1,41
3,40
2,40
1,40
3,39
2,39
1,39
3,38
2,38
1,38
3,37
2,37
1,37
3,36
2,36
1,36
3,35
2,35
1,35
3,34
2,34
1,34
3,33
2,33
1,33
3,32
2,32
1,32
3,31
2,31
1,31
3,30
2,30
1,30
3,29
2,29
1,29
3,28
2,28
1,28
3,27
2,27
1,27
3,26
2,26
1,26
3,25
2,25
1,25
3,24
2,24
1,24
3,23
2,23
1,23
3,22
2,22
1,22
3,21
2,21
1,21
3,20
2,20
1,20
3,19
2,19
1,19
3,18
2,18
1,18
3,17
2,17
1,17
3,16
2,16
1,16
3,15
2,15
1,15
3,14
2,14
1,14
3,13
2,13
1,13
3,12
2,12
1,12
3,11
2,11
1,11
3,10
2,10
1,10
3,9
2,9
1,9
3,8
2,8
1,8
3,7
2,7
1,7
3,6
2,6
1,6
3,5
2,5
1,5
3,4
2,4
1,4
3,3
3,0
2,3
2,0
1,3
1,0
0,6
0,0
0,47
0,46
0,49
0,48
0,45
0,12
0,10
0,8
0,11
0,5
0,7
0,4
0,3
